20
33
63
81
70
6
89
71
95
88
74
99
42
30
17
19
74
9
97
5
60
27
75
79
90
71
29
52
7
92
21
52
37
43
41
100
87
48
41
37
40
13
43
93
61
68
4
48
12
25
82
58
93
9
48
93
59
85
91
99
77
38
64
4
68
22
62
99
90
18
33
26
69
61
65
47
85
82
18
23
68
82
40
83
10
63
59
28
96
48
41
2
58
42
60
3
49
40
26
39
6
5
58
95
93
56
89
33
45
1
9
77
67
69
32
96
98
82
94
5
64
35
4
43
77
31
69
28
2
63
98
45
57
80
17
63
24
46
91
55
75
27
84
95
39
65
35
89
10
65
5
68
47
21
76
72
1
16
19
62
88
62
32
82
4
65
21
88
52
70
72
53
92
40
31
37
51
10
4
13
96
80
19
37
58
30
98
36
4
46
63
9
28
29
67
14
96
2
92
75
44
